4
4 16
0.42343134 0.15709005 0.06911556 0.05375715 -0.01533899 -0.3199441 -0.962499 -0.041677747 -0.40239775 -0.3653555 -0.8573312 0.34710836 0.42996055 -0.1061481 0.2900419 0.275575 0.4108739 0.008551042 0.1149338 0.72802943 -0.4701376 0.4129678 0.51761395 0.16090243 0.053156044 0.022945447 -0.34907734 -0.22576177 -0.39780113 -0.45544285 0.51649135 0.6231431 0.031058563 1.4017614 0.7574508 -0.4222012 0.15243766 0.4562403 -0.1592673 -0.6768464 0.56388676 0.26597357 0.10603699 0.06053902 -0.14754999 0.60759217 -0.42723843 -0.9494212 -0.49961627 -0.08792055 0.50951225 -0.21856989 1.2706963 0.23895468 1.1134522 0.3446587 -0.0780897 0.8065581 0.23294327 -0.12705578 0.06506282 0.06886627 0.5580397 0.7459763 
-0.5092532 0.18694787 0.8858338 -0.11248559 0.062303476 0.7008904 -0.3435677 1.1189342 0.38055265 -0.10928155 0.5911363 -0.1653791 0.36903954 -1.2147299 1.37266 0.11448037 
16
0.23554336 -0.521704 -0.14693472 0.11382826 -0.051477086 0.51144814 -0.17142977 -0.33865097 -0.038716312 0.14320064 0.41340968 0.14498766 -0.08651083 0.052302286 -0.009221506 -0.3929411 -0.55557835 -0.15837137 -0.3582053 0.020753175 0.052102465 0.88449746 0.651129 0.7924092 0.4297656 -0.06291803 -0.841101 1.2402108 -0.67756224 -0.12944505 0.95419395 -0.21886656 -0.11380245 -1.4508832 -0.6025247 -0.48761562 0.24726173 1.134212 0.6054179 0.8587409 0.7524454 -0.1377694 -0.093984455 0.60568035 -0.4249741 -0.18350796 0.7929063 0.4061112 0.100698955 0.04720161 -0.159859 0.24858087 0.49525598 0.38187164 0.24129654 0.20641328 -0.34851885 0.6061392 0.2559068 -0.4746956 -0.393031 0.023776943 0.27299377 0.008873264 0.09546628 -0.6396932 0.16736811 -0.49794263 -0.33161205 -0.1531028 0.13091168 -0.059418723 0.4787475 -0.019159822 0.099314615 0.033966877 0.5031695 -0.36490923 -0.0076422305 -0.2106573 -0.25933468 0.2594193 -0.48440218 -0.25067928 0.05540239 -0.6500515 0.56873155 -0.01355001 -0.083428405 0.25613698 0.104688086 0.11264509 -0.41695535 -0.8528565 -0.32740033 -0.3891429 0.40642616 0.07888329 -0.2420029 0.02018275 -0.13292266 -0.42191145 -0.27921408 -0.035319887 0.21064161 -0.11630603 0.49845845 0.11777128 0.02682809 -0.83048356 0.05000882 0.18258734 0.641491 0.5686494 -0.44164863 -0.46385485 -0.16224784 -0.7553739 -0.119476 -0.4566716 0.88245386 -0.16172169 1.3454461 -0.7410709 -0.59728026 0.0061321105 -0.6577686 0.5238162 -0.26047936 0.45152804 -0.6497033 0.034319412 0.042820677 -0.46787354 -0.146102 0.03134221 -0.45489627 0.029912116 0.18243586 0.07850743 -0.30099323 -0.35346285 0.15488608 0.25252712 0.23903307 -0.35308397 -0.047997605 0.06300499 0.003707161 0.38628453 -0.34043917 -0.38274536 0.08396914 0.07116736 0.22067872 -0.23775075 0.0151793985 -0.38254777 -0.36328226 0.06946621 0.31029794 0.5614395 -0.47586465 -0.33450535 0.18981954 -0.5764235 0.17275341 0.15152095 0.19023642 0.4474999 0.110244416 -0.3351357 0.21767421 -0.26593596 -0.28802058 0.060491364 -0.15042329 -0.15490636 0.8552593 -0.48227513 0.20979047 -0.24263987 -0.07475359 0.2612215 -0.19897577 -0.1684505 -0.12961097 0.4616765 -0.15530716 -0.3044886 0.49039188 0.14618367 -0.27823287 0.1260407 0.17909166 0.33822 -0.48603228 0.04601826 0.31318802 -0.063964106 -0.123893596 0.33189642 -1.2097433 -0.13206483 0.3927044 0.52431655 0.36197618 -0.10336921 0.45633772 -0.4403451 0.64073145 0.21380815 -0.078627326 0.32854253 -0.022712665 -0.52450305 -0.016010499 -0.2706199 1.0464538 -0.50213736 -0.003489584 0.114017665 0.032612797 -0.2040288 0.043803822 -0.03502183 -0.7471875 -0.36075068 0.3131727 0.055794545 0.35051313 0.32344854 0.4592025 0.5650294 -1.4098142 -0.023258582 0.074248366 0.11167163 0.057507917 0.15169466 -0.12434692 -0.9348926 0.5309268 -0.4474523 0.4758167 0.03591251 0.11922904 0.03187366 0.5429906 -0.116325215 -0.64540094 -0.28822756 0.13097334 0.07870078 0.6460441 -0.1929741 
0.20437415 -0.11919359 -0.13718544 -0.45999908 -0.41333562 0.25916627 -0.28937975 0.28658786 0.3158824 0.0052932594 -0.32036766 -0.17727266 0.3246472 0.57588124 -0.059572604 0.32232437 
2
0.7829886 -0.3162501 -0.16608308 -0.8979399 0.41973096 0.7142057 -0.35986385 -0.6701342 -0.5336643 -0.499357 -0.19638743 0.4624053 -0.13279845 -0.22419876 -0.58138126 0.06806173 -0.021553578 0.40587094 -0.78066075 -0.6954616 0.47773036 0.21344686 -0.58884686 0.5701323 -0.09458973 0.6806237 -0.37543932 -0.44720602 -0.28215444 0.80188864 0.1340849 0.19066954 
0.70297146 0.010573673 

